camera_matrix:
- - 779.7557831213416
  - 0.0
  - 667.9089343435346
- - 0.0
  - 776.7012693993037
  - 365.13268994664537
- - 0.0
  - 0.0
  - 1.0
dist_coeff:
- - -0.016061256760523418
  - -0.09793089239163781
  - -7.364501166862824e-05
  - 0.0030501537590229806
  - 0.04795336324386053
rms: 0.4919376861697581
