camera_matrix:
- - 982.3235307083563
  - 0.0
  - 778.7937392870281
- - 0.0
  - 975.0245513258682
  - 271.8436671616969
- - 0.0
  - 0.0
  - 1.0
dist_coeff:
- - -0.024743896711086323
  - -0.19502612115981136
  - 0.009217311401922534
  - 0.009311984084556359
  - 0.17410678604649252
rms: 1.3279110049390443
