camera_matrix:
- - 948.6898894425055
  - 0.0
  - 649.5780628033582
- - 0.0
  - 947.8116059117806
  - 400.4154851461072
- - 0.0
  - 0.0
  - 1.0
dist_coeff:
- - 0.07447077968838971
  - -0.03263587296899798
  - 0.0006572881722381696
  - 0.001989105080330093
  - -0.27191598894548824
rms: 0.5112126808573276
