camera_matrix:
- - 1068.9982292845584
  - 0.0
  - 621.6837025782836
- - 0.0
  - 1069.679425403921
  - 361.6355749935141
- - 0.0
  - 0.0
  - 1.0
dist_coeff:
- - 0.034517037783837974
  - -0.512899159392616
  - -0.0007713050179152594
  - 0.00912660043445781
  - 0.5436037311151893
rms: 0.5475204106018027
